# x   y
-10.0 0.295958969093304
-9.8 0.13430695217725164
-9.6 0.03038982665156461
-9.4 0.0006138217063948878
-9.2 0.04967991380761577
-9.0 0.16984164587795994
-8.8 0.34212812254037833
-8.6 0.53933909736592
-8.4 0.7303392937056812
-8.2 0.8849739802710358
-8.0 0.9788297401616923
-7.8 0.9970888125919076
-7.6 0.9368684915055401
-7.4 0.8076762414773604
-7.199999999999999 0.6299086781068771
-7.0 0.43163139089608316
-6.8 0.2441480037734255
-6.6 0.09705802117977465
-6.4 0.013583717151282329
-6.199999999999999 0.0069038488605683256
-6.0 0.07807302063375395
-5.8 0.21585518511601318
-5.6 0.39849756809062487
-5.3999999999999995 0.5971649532276683
-5.199999999999999 0.7804921287136151
-5.0 0.9195357645382262
-4.8 0.9923439278970635
-4.6 0.9874218107020818
-4.3999999999999995 0.9055465070308275
-4.199999999999999 0.7596443270583421
-4.0 0.5727500169043067
-3.8 0.3743700787088721
-3.5999999999999996 0.1958243427338724
-3.3999999999999995 0.06530125482508714
-3.1999999999999993 0.003407540620903588
-3.0 0.01991485667481699
-2.8 0.11221706074487522
-2.5999999999999996 0.2657416643498118
-2.3999999999999995 0.4562505082802772
-2.1999999999999993 0.6536664349892106
-2.0 0.826821810431806
-1.799999999999999 0.9483792081670741
-1.5999999999999996 0.9991473878973767
-1.4000000000000004 0.9711111703343293
-1.1999999999999993 0.8686968577706222
-1.0 0.7080734182735712
-0.7999999999999989 0.5145997611506433
-0.5999999999999996 0.31882112276166286
-0.3999999999999986 0.15164664532641628
-0.1999999999999993 0.039469502998557185
0.0 0.0
0.20000000000000107 0.03946950299855788
0.40000000000000036 0.15164664532641753
0.6000000000000014 0.31882112276166447
0.8000000000000007 0.5145997611506451
1.0 0.7080734182735712
1.200000000000001 0.8686968577706234
1.4000000000000004 0.9711111703343293
1.6000000000000014 0.9991473878973764
1.8000000000000007 0.9483792081670732
2.0 0.826821810431806
2.200000000000001 0.6536664349892088
2.4000000000000004 0.4562505082802763
2.6000000000000014 0.2657416643498103
2.8000000000000007 0.11221706074487467
3.0 0.01991485667481699
3.200000000000001 0.003407540620903795
3.4000000000000004 0.0653012548250876
3.6000000000000014 0.1958243427338738
3.8000000000000007 0.37437007870887296
4.0 0.5727500169043067
4.200000000000001 0.7596443270583436
4.4 0.9055465070308278
4.600000000000001 0.9874218107020822
4.800000000000001 0.9923439278970633
5.0 0.9195357645382262
5.200000000000001 0.7804921287136137
5.4 0.5971649532276674
5.600000000000001 0.39849756809062303
5.800000000000001 0.21585518511601245
6.0 0.07807302063375395
6.199999999999999 0.0069038488605683256
6.400000000000002 0.01358371715128274
6.600000000000001 0.09705802117977567
6.800000000000001 0.24414800377342624
7.0 0.43163139089608316
7.199999999999999 0.6299086781068771
7.400000000000002 0.8076762414773618
7.600000000000001 0.9368684915055409
7.800000000000001 0.9970888125919076
8.0 0.9788297401616923
8.2 0.8849739802710358
8.400000000000002 0.7303392937056796
8.600000000000001 0.5393390973659183
8.8 0.34212812254037833
9.0 0.16984164587795994
9.200000000000003 0.04967991380761424
9.400000000000002 0.0006138217063947998
9.600000000000001 0.03038982665156522
9.8 0.13430695217725164
10.0 0.295958969093304
